lastAccountName: _S_K_O__B_K_A_
timestamps:
  login: 1470048124411
  logout: 1470048030774
ipAddress: 192.168.10.109
logoutlocation:
  world: world
  x: -189.8817228038341
  y: 74.0
  z: 186.29540445411965
  yaw: -174.90082
  pitch: 22.049969
afk: false
